
Matrix input A::
  [ 1.000000 3.000000 5.000000 ]
  [ 2.000000 4.000000 6.000000 ]
  [ 3.000000 5.000000 7.000000 ]

Matrix input A1::
  [ 1.000000 3.000000 5.000000 ]
  [ 2.000000 4.000000 6.000000 ]
  [ 3.000000 5.000000 7.000000 ]

Vector input b1:: 
[
1.000000
2.000000
3.000000
]

Vector input c1:: 
[
1.000000
2.000000
3.000000
]

Matrix input A2::
  [ 1.000000 3.000000 5.000000 ]
  [ 2.000000 4.000000 6.000000 ]
  [ 3.000000 5.000000 7.000000 ]

Matrix input B2::
  [ 1.000000 3.000000 5.000000 ]
  [ 2.000000 4.000000 6.000000 ]
  [ 3.000000 5.000000 7.000000 ]

Vector b: bi = i^2 / 12 for even and bi = i for odd
 b:: 
[
1.000000
0.333333
3.000000
]

Vector y1 = A * b
 y1:: 
[
17.000000
21.333333
25.666667
]

Vector b12 minus c1 =:: 
[
11.000000
22.000000
33.000000
]

Vector y2 = A1 * (12b1 - c1)
 y2=:: 
[
242.000000
308.000000
374.000000
]

Matrix Cij = 1 / (i+j^2)
 C2=::
  [ 0.500000 0.200000 0.100000 ]
  [ 0.333333 0.166667 0.090909 ]
  [ 0.250000 0.142857 0.083333 ]

Matrix B2 - C2 =::
  [ 0.500000 2.800000 4.900000 ]
  [ 1.666667 3.833333 5.909091 ]
  [ 2.750000 4.857143 6.916667 ]

Matrix Y3 = A2 * (B2 - C2)
 Y3=::
  [ 19.250000 38.585714 57.210606 ]
  [ 24.166667 50.076190 74.936364 ]
  [ 29.083333 61.566667 92.662121 ]

Vector y2': 
[
242.000000 308.000000 374.000000 374.000000
]

Matrix y1 * y2':
  [ 4114.000000 5236.000000 6358.000000 ]
  [ 5162.666667 6570.666667 7978.666667 ]
  [ 6211.333333 7905.333333 9599.333333 ]

Matrix Y3^2:
  [ 2966.925722 6197.266891 9294.033397 ]
  [ 3854.782179 8053.695069 12078.879676 ]
  [ 4742.638636 9910.123247 14863.725955 ]

Vector Y3^2 * y1: 
[
421192.954803
547368.036865
673543.118927
]

Vector [Y3^2 * y1] + y2: 
[
421434.954803
547676.036865
673917.118927
]

Number y1' * ([Y3^2 * y1] + y2): 36145355.737248 

Matrix y1' * ([Y3^2 * y1] + y2) * Y3:
  [ 695798097.942019 1394694369.232946 2067897708.004149 ]
  [ 873512763.650154 1810021718.728083 2708601521.292120 ]
  [ 1051227429.358289 2225349068.223220 3349305334.580093 ]

Matrix (y1' * ([Y3^2 * y1] + y2) * Y3 + y1*y2'):
  [ 695802211.942019 1394699605.232946 2067904066.004149 ]
  [ 873517926.316821 1810028289.394750 2708609499.958787 ]
  [ 1051233640.691622 2225356973.556554 3349314933.913426 ]

Vector (y1' * ([Y3^2 * y1] + y2) * Y3 + y1*y2') * y2: 
[
1371347734387.267578
1781900004286.839844
2192452274186.412842
]

Vector ((y1' * ([Y3^2 * y1] + y2) * Y3 + y1*y2') * y2)': 
[
1371347734387.267578 1781900004286.839844 2192452274186.412842 2192452274186.412842
]

Vector result y2' + [(y1' * ([Y3^2 * y1] + y2) * Y3 + y1*y2') * y2]':: 
[
1371347734629.267578 1781900004594.839844 2192452274560.412842 2192452274560.412842
]
