
Matrix input A2::
  [ 1.000000 3.000000 5.000000 ]
  [ 2.000000 4.000000 6.000000 ]
  [ 3.000000 5.000000 7.000000 ]

Matrix input B2::
  [ 1.000000 3.000000 5.000000 ]
  [ 2.000000 4.000000 6.000000 ]
  [ 3.000000 5.000000 7.000000 ]

Matrix Cij = 1 / (i+j^2)
 C2=::
  [ 0.500000 0.200000 0.100000 ]
  [ 0.333333 0.166667 0.090909 ]
  [ 0.250000 0.142857 0.083333 ]

Matrix B2 - C2 =::
  [ 0.500000 2.800000 4.900000 ]
  [ 1.666667 3.833333 5.909091 ]
  [ 2.750000 4.857143 6.916667 ]

Matrix Y3 = A2 * (B2 - C2)
 Y3=::
  [ 19.250000 38.585714 57.210606 ]
  [ 24.166667 50.076190 74.936364 ]
  [ 29.083333 61.566667 92.662121 ]

Matrix Y3^2:
  [ 2966.925722 6197.266891 9294.033397 ]
  [ 3854.782179 8053.695069 12078.879676 ]
  [ 4742.638636 9910.123247 14863.725955 ]
